4294967294,0
4294967279,41
4294967279,40
4294967279,39
4294967279,38
4294967279,34
4294967279,31
4294967279,29
4294967279,28
4294967294,93
4294967279,185
4294967278,184
4294967294,50
4294967294,291
4294967294,1877
4294967294,295
4294967294,1880
4294967294,1205
4294967294,288
4294967294,286
4294967294,1290
4294967294,1212
4294967294,1215
4294967294,2253
4294967278,183
4294967279,183
4294967278,182
4294967294,7
4294967279,26
4294967279,24
4294967279,23
4294967279,22
4294967278,419
4294967294,144
4294967294,1716
4294967294,290
4294967294,294
4294967294,1720
4294967294,1876
4294967294,1874
4294967294,2217
4243767290,0
4294967294,1889
4294967279,21
4294967279,18
4294967279,17
4294967279,15
4294967279,14
4294967279,13
4294967279,12
4294967279,11
4294967279,10
4294967294,131
4294967294,1299
4294967294,130
4294967294,2286
4294967294,2283
4294967294,133
4294967294,2177
4294967294,2560
4294967294,2251
4294967294,2271
4294967294,2250
4294967294,2292
4294967294,2257
4294967294,2290
4294967294,2260
4294967294,2289
4294967294,2288
4294967279,297
4294967294,1713
4294967294,1712
4294967294,1192
4294967294,1185
4294967279,405
4294967279,347
4294967294,2247
4294967294,2244
4294967294,1303
4294967294,149
4294967294,2216
4294967294,1304
4294967294,1306
4294967294,1203
4294967294,287
4294967294,1714
4294967294,1869
4294967294,682
4294967294,670
4294967294,669
4294967294,686
4294967294,1885
4294967294,1710
4294967294,1285
4294967294,81
4294967294,677
4294967278,132
4294967278,131
4294967278,130
4294967278,129
4294967278,128
4294967278,127
4294967278,126
4294967278,125
4294967278,124
4294967278,123
4294967278,122
4294967278,121
4294967278,120
4294967278,119
4294967278,118
4294967278,117
4294967278,116
4294967278,115
4294967278,114
4294967278,113
4294967278,112
4294967278,111
4294967278,110
4294967278,109
4294967278,108
4294967278,107
4294967278,106
4294967278,105
4294967278,104
4294967278,103
4294967278,102
4294967278,101
4294967278,100
4294967278,99
4294967278,98
4294967278,97
4294967278,96
4294967278,95
4294967278,94
4294967278,93
4294967278,92
4294967278,91
4294967278,90
4294967278,89
4294967278,87
4294967278,86
4294967278,85
4294967278,84
4294967278,83
4294967278,82
4294967278,81
4294967278,80
4294967278,79
4294967278,78
4294967278,77
4294967278,76
4294967278,75
4294967278,74
4294967278,73
4294967278,72
4294967278,71
4294967278,70
4294967278,69
4294967278,68
4294967278,67
4294967278,66
4294967278,65
4294967278,64
4294967278,63
4294967278,61
4294967279,81
4294967279,80
4294967279,78
4294967279,73
4294967279,67
4294967279,59
4294967279,46
4294967279,422
4294967279,43
4294967279,346
4294967279,37
4294967279,36
4294967279,35
4294967279,33
4294967279,32
4294967279,413
4294967279,286
4294967279,30
4294967279,27
4294967279,25
4294967279,20
4294967279,19
4294967279,266
4294967279,16
4294967279,396
4294967279,439
4294967279,9
4294967279,8
4294967279,7
4294967279,384
4294967279,6
4294967279,423
4294967279,5
4294967279,4
4294967294,688
4294967294,687
4294967294,1295
4294967294,1882
4294967294,683
4294967279,167
4294967294,142
4294967294,282
4294967294,1201
4294967294,24
4294967294,229
4294967294,1868
4294967294,1
4294967294,233
4294967294,1314
4294967294,2565
4294967294,1693
4294967294,1293
4294967294,1210
0,5
4294967279,164
4294967279,403
4294967279,0
4294967279,162
4294967279,49
4294967279,365
4294967278,451
4294967278,0
4294967294,6
4294967294,1195
4294967294,1189
4294967294,1002
4294967294,43
4294967294,134
4294967294,1197
4294967294,2569
4294967294,1198
4294967294,1283
4294967294,1711
4294967294,1186
4294967294,1190
4294967294,1184
4294967294,152
4294967294,1183
4294967294,153
4294967279,394
37,5
40,6
40,5
40,4
40,3
40,2
40,1
4294967294,1026
39,5
39,4
39,3
39,2
39,1
37,4
37,3
37,2
37,1
36,4
36,3
36,2
36,1
4294967294,1024
4294967278,450
4294967279,393
4294967293,131
4294967293,130
4294967293,129
4294967293,128
4294967293,127
4294967293,126
4294967293,125
4294967293,124
4294967293,123
4294967293,122
4294967293,121
4294967293,120
4294967293,119
4294967293,118
4294967293,117
4294967293,116
4294967293,115
4294967293,114
4294967293,113
4294967293,112
4294967293,111
4294967293,110
4294967293,109
4294967293,108
4294967293,107
4294967293,106
4294967293,105
4294967293,104
4294967293,103
4294967293,102
4294967293,101
4294967293,100
4294967293,99
4294967293,98
